$par
   ln_H_input    ln_H_input      beta1_ct      beta1_ct      beta1_ct      beta1_ct      beta1_ct      beta1_ct      beta1_ct      beta1_ct 
 7.102667e-01  3.424096e-01 -3.138967e+00 -2.281012e+00 -2.609840e+00 -2.580111e+00 -2.728927e+00 -2.932060e+00 -2.795480e+00 -3.011749e+00 
     beta1_ct      beta1_ct      beta1_ct      beta1_ct      beta1_ct      beta1_ct    L_omega1_z  L_epsilon1_z     logkappa1      beta2_ct 
-2.812160e+00 -2.972665e+00 -3.103348e+00 -3.270860e+00 -3.124848e+00 -3.428630e+00 -1.976998e+00 -4.886867e-01 -4.754289e+00  5.797425e+00 
     beta2_ct      beta2_ct      beta2_ct      beta2_ct      beta2_ct      beta2_ct      beta2_ct      beta2_ct      beta2_ct      beta2_ct 
 6.071926e+00  6.283542e+00  6.259891e+00  6.958876e+00  6.470023e+00  6.812799e+00  6.362188e+00  7.039906e+00  6.998380e+00  6.364719e+00 
     beta2_ct      beta2_ct      beta2_ct    L_omega2_z  L_epsilon2_z     logkappa2     logSigmaM 
 6.835025e+00  7.201585e+00  6.649385e+00  1.536644e+00 -1.005925e-05 -4.855534e+00  7.512929e-01 

$objective
[1] 10785.79

$convergence
[1] 0

$iterations
[1] 5

$evaluations
function gradient 
      10        6 

$message
[1] "relative convergence (4)"

$run_time
Time difference of 28.32083 secs

$number_of_coefficients
 Total  Fixed Random 
  7693     37   7656 

$AIC
[1] 21645.59

$diagnostics
          Param starting_value      Lower           MLE     Upper final_gradient
1    ln_H_input      0.0000000 -50.000000  7.102667e-01 50.000000  -6.775353e-05
2    ln_H_input      0.0000000 -50.000000  3.424096e-01 50.000000  -8.615622e-05
3      beta1_ct     -6.3730272 -50.000000 -3.138967e+00 50.000000   2.072053e-05
4      beta1_ct     -6.3730272 -50.000000 -2.281012e+00 50.000000  -7.170894e-05
5      beta1_ct     -6.3730272 -50.000000 -2.609840e+00 50.000000   1.005637e-04
6      beta1_ct     -6.3730272 -50.000000 -2.580111e+00 50.000000  -7.891228e-05
7      beta1_ct     -6.3730272 -50.000000 -2.728927e+00 50.000000  -2.032165e-04
8      beta1_ct     -6.3730272 -50.000000 -2.932060e+00 50.000000   4.421274e-05
9      beta1_ct     -6.3730272 -50.000000 -2.795480e+00 50.000000  -3.504156e-05
10     beta1_ct     -6.3730272 -50.000000 -3.011749e+00 50.000000   2.218000e-04
11     beta1_ct     -6.3730272 -50.000000 -2.812160e+00 50.000000  -2.893909e-04
12     beta1_ct     -6.3730272 -50.000000 -2.972665e+00 50.000000   6.131804e-05
13     beta1_ct     -6.3730272 -50.000000 -3.103348e+00 50.000000  -1.826213e-04
14     beta1_ct     -6.3730272 -50.000000 -3.270860e+00 50.000000   4.783470e-05
15     beta1_ct     -6.3730272 -50.000000 -3.124848e+00 50.000000   1.962753e-05
16     beta1_ct     -6.3730272 -50.000000 -3.428630e+00 50.000000  -7.190432e-05
17   L_omega1_z     -0.6534585 -50.000000 -1.976998e+00 50.000000  -2.570507e-04
18 L_epsilon1_z     -0.5018324 -50.000000 -4.886867e-01 50.000000  -1.087736e-03
19    logkappa1     -0.1053605  -6.735082 -4.754289e+00 -2.472959   3.515638e-04
20     beta2_ct      8.2982154 -50.000000  5.797425e+00 50.000000   5.601335e-05
21     beta2_ct      8.2982154 -50.000000  6.071926e+00 50.000000  -3.046170e-05
22     beta2_ct      8.2982154 -50.000000  6.283542e+00 50.000000  -5.830917e-05
23     beta2_ct      8.2982154 -50.000000  6.259891e+00 50.000000   7.778967e-05
24     beta2_ct      8.2982154 -50.000000  6.958876e+00 50.000000   1.793334e-05
25     beta2_ct      8.2982154 -50.000000  6.470023e+00 50.000000  -2.777443e-05
26     beta2_ct      8.2982154 -50.000000  6.812799e+00 50.000000   6.723857e-05
27     beta2_ct      8.2982154 -50.000000  6.362188e+00 50.000000   8.609457e-06
28     beta2_ct      8.2982154 -50.000000  7.039906e+00 50.000000  -1.507834e-06
29     beta2_ct      8.2982154 -50.000000  6.998380e+00 50.000000   4.467631e-06
30     beta2_ct      8.2982154 -50.000000  6.364719e+00 50.000000  -3.719486e-05
31     beta2_ct      8.2982154 -50.000000  6.835025e+00 50.000000  -2.058158e-04
32     beta2_ct      8.2982154 -50.000000  7.201585e+00 50.000000   9.705968e-05
33     beta2_ct      8.2982154 -50.000000  6.649385e+00 50.000000   6.396509e-05
34   L_omega2_z      0.5980166 -50.000000  1.536644e+00 50.000000  -6.914778e-05
35 L_epsilon2_z     -1.3349101 -50.000000 -1.005925e-05 50.000000  -6.435780e-04
36    logkappa2     -0.1053605  -6.735082 -4.855534e+00 -2.472959   2.991995e-05
37    logSigmaM      1.6094379 -50.000000  7.512929e-01 10.000000  -2.284775e-03

$SD
sdreport(.) result
                  Estimate Std. Error
ln_H_input    7.102667e-01 0.23724201
ln_H_input    3.424096e-01 0.22316159
beta1_ct     -3.138967e+00 0.66853520
beta1_ct     -2.281012e+00 0.66660986
beta1_ct     -2.609840e+00 0.66813366
beta1_ct     -2.580111e+00 0.66774287
beta1_ct     -2.728927e+00 0.66578782
beta1_ct     -2.932060e+00 0.66869719
beta1_ct     -2.795480e+00 0.67566883
beta1_ct     -3.011749e+00 0.67064959
beta1_ct     -2.812160e+00 0.66628402
beta1_ct     -2.972665e+00 0.66760933
beta1_ct     -3.103348e+00 0.67038762
beta1_ct     -3.270860e+00 0.67287340
beta1_ct     -3.124848e+00 0.67575897
beta1_ct     -3.428630e+00 0.67266942
L_omega1_z   -1.976998e+00 0.25440562
L_epsilon1_z -4.886867e-01 0.08134318
logkappa1    -4.754289e+00 0.15448419
beta2_ct      5.797425e+00 0.62845432
beta2_ct      6.071926e+00 0.62081172
beta2_ct      6.283542e+00 0.63130445
beta2_ct      6.259891e+00 0.62964159
beta2_ct      6.958876e+00 0.62586523
beta2_ct      6.470023e+00 0.63528552
beta2_ct      6.812799e+00 0.63855622
beta2_ct      6.362188e+00 0.63519647
beta2_ct      7.039906e+00 0.62852227
beta2_ct      6.998380e+00 0.63088924
beta2_ct      6.364719e+00 0.63298699
beta2_ct      6.835025e+00 0.64741038
beta2_ct      7.201585e+00 0.64820865
beta2_ct      6.649385e+00 0.64313624
L_omega2_z    1.536644e+00 0.31104779
L_epsilon2_z -1.005925e-05 0.12502069
logkappa2    -4.855534e+00 0.33940897
logSigmaM     7.512929e-01 0.01697750
Maximum gradient component: 0.002284775 

