$par
  ln_H_input   ln_H_input     beta1_ct     beta1_ct     beta1_ct     beta1_ct     beta1_ct     beta1_ct     beta1_ct     beta1_ct     beta1_ct     beta1_ct     beta1_ct     beta1_ct 
  0.38468999  -0.05354872  -0.90232344  -0.64168415  -0.48637170  -0.57331273  -0.63760667  -0.65410254  -0.31941906  -0.38744532  -0.32687271  -0.58474270  -0.06556805  -0.15909996 
    beta1_ct     beta1_ct   L_omega1_z L_epsilon1_z    logkappa1     beta2_ct     beta2_ct     beta2_ct     beta2_ct     beta2_ct     beta2_ct     beta2_ct     beta2_ct     beta2_ct 
 -0.29751508  -0.27740850  -2.67205204   0.62008350  -4.34596215   7.24340940   7.21825688   7.27428461   7.61699201   7.89863548   7.33420090   7.94329353   7.67508792   8.09863630 
    beta2_ct     beta2_ct     beta2_ct     beta2_ct     beta2_ct   L_omega2_z L_epsilon2_z    logkappa2    logSigmaM 
  8.07035677   7.78869753   8.15873436   8.49294555   8.74103976   2.30735724  -0.74639428  -4.36245788   0.81542487 

$objective
[1] 24883.96

$convergence
[1] 0

$iterations
[1] 4

$evaluations
function gradient 
      11        4 

$message
[1] "relative convergence (4)"

$run_time
Time difference of 3.137414 mins

$number_of_coefficients
 Total  Fixed Random 
 17593     37  17556 

$AIC
[1] 49841.92

$diagnostics
          Param starting_value      Lower         MLE     Upper final_gradient
1    ln_H_input     0.00000000 -50.000000  0.38468999 50.000000  -2.125833e-04
2    ln_H_input     0.00000000 -50.000000 -0.05354872 50.000000  -3.846280e-04
3      beta1_ct    -5.49627469 -50.000000 -0.90232344 50.000000  -1.868418e-05
4      beta1_ct    -5.49627469 -50.000000 -0.64168415 50.000000  -4.018964e-05
5      beta1_ct    -5.49627469 -50.000000 -0.48637170 50.000000  -5.494159e-05
6      beta1_ct    -5.49627469 -50.000000 -0.57331273 50.000000  -3.046018e-05
7      beta1_ct    -5.49627469 -50.000000 -0.63760667 50.000000  -2.793048e-06
8      beta1_ct    -5.49627469 -50.000000 -0.65410254 50.000000  -1.049832e-04
9      beta1_ct    -5.49627469 -50.000000 -0.31941906 50.000000  -1.093226e-04
10     beta1_ct    -5.49627469 -50.000000 -0.38744532 50.000000  -5.522882e-05
11     beta1_ct    -5.49627469 -50.000000 -0.32687271 50.000000  -1.008669e-04
12     beta1_ct    -5.49627469 -50.000000 -0.58474270 50.000000  -1.068184e-04
13     beta1_ct    -5.49627469 -50.000000 -0.06556805 50.000000  -9.882413e-05
14     beta1_ct    -5.49627469 -50.000000 -0.15909996 50.000000  -3.267612e-05
15     beta1_ct    -5.49627469 -50.000000 -0.29751508 50.000000  -5.071207e-05
16     beta1_ct    -5.49627469 -50.000000 -0.27740850 50.000000  -7.812912e-05
17   L_omega1_z    -0.18422502 -50.000000 -2.67205204 50.000000  -3.382969e-04
18 L_epsilon1_z     2.16523483 -50.000000  0.62008350 50.000000  -7.834426e-04
19    logkappa1    -0.10536052  -6.758103 -4.34596215 -1.892336  -3.544324e-04
20     beta2_ct     8.93175142 -50.000000  7.24340940 50.000000  -1.778918e-04
21     beta2_ct     8.93175142 -50.000000  7.21825688 50.000000  -1.300860e-04
22     beta2_ct     8.93175142 -50.000000  7.27428461 50.000000  -5.732741e-05
23     beta2_ct     8.93175142 -50.000000  7.61699201 50.000000   5.796309e-05
24     beta2_ct     8.93175142 -50.000000  7.89863548 50.000000   1.030374e-04
25     beta2_ct     8.93175142 -50.000000  7.33420090 50.000000   1.416913e-04
26     beta2_ct     8.93175142 -50.000000  7.94329353 50.000000   2.866394e-04
27     beta2_ct     8.93175142 -50.000000  7.67508792 50.000000  -1.976836e-04
28     beta2_ct     8.93175142 -50.000000  8.09863630 50.000000   1.435353e-04
29     beta2_ct     8.93175142 -50.000000  8.07035677 50.000000   1.125678e-04
30     beta2_ct     8.93175142 -50.000000  7.78869753 50.000000  -1.612366e-04
31     beta2_ct     8.93175142 -50.000000  8.15873436 50.000000   2.327127e-04
32     beta2_ct     8.93175142 -50.000000  8.49294555 50.000000  -1.652289e-04
33     beta2_ct     8.93175142 -50.000000  8.74103976 50.000000  -1.574015e-04
34   L_omega2_z     0.30090732 -50.000000  2.30735724 50.000000  -2.783528e-04
35 L_epsilon2_z    -0.03230725 -50.000000 -0.74639428 50.000000   5.690694e-05
36    logkappa2    -0.10536052  -6.758103 -4.36245788 -1.892336   1.873499e-04
37    logSigmaM     1.60943791 -50.000000  0.81542487 10.000000  -7.340350e-03

$SD
sdreport(.) result
                Estimate Std. Error
ln_H_input    0.38468999 0.11044732
ln_H_input   -0.05354872 0.10775984
beta1_ct     -0.90232344 0.58307087
beta1_ct     -0.64168415 0.58377745
beta1_ct     -0.48637170 0.58508047
beta1_ct     -0.57331273 0.58377696
beta1_ct     -0.63760667 0.58281183
beta1_ct     -0.65410254 0.58316227
beta1_ct     -0.31941906 0.59884455
beta1_ct     -0.38744532 0.58346613
beta1_ct     -0.32687271 0.58259945
beta1_ct     -0.58474270 0.58295343
beta1_ct     -0.06556805 0.58270986
beta1_ct     -0.15909996 0.58560023
beta1_ct     -0.29751508 0.58753852
beta1_ct     -0.27740850 0.58320279
L_omega1_z   -2.67205204 0.26877211
L_epsilon1_z  0.62008350 0.06170705
logkappa1    -4.34596215 0.11952550
beta2_ct      7.24340940 0.54599580
beta2_ct      7.21825688 0.54695248
beta2_ct      7.27428461 0.54840012
beta2_ct      7.61699201 0.54798973
beta2_ct      7.89863548 0.54668268
beta2_ct      7.33420090 0.54686379
beta2_ct      7.94329353 0.57748123
beta2_ct      7.67508792 0.54794137
beta2_ct      8.09863630 0.54455948
beta2_ct      8.07035677 0.54738550
beta2_ct      7.78869753 0.54374448
beta2_ct      8.15873436 0.55022272
beta2_ct      8.49294555 0.55564593
beta2_ct      8.74103976 0.54657842
L_omega2_z    2.30735724 0.23714385
L_epsilon2_z -0.74639428 0.07610799
logkappa2    -4.36245788 0.12282321
logSigmaM     0.81542487 0.01161170
Maximum gradient component: 0.00734035 

