$par
  ln_H_input   ln_H_input     beta1_ct     beta1_ct     beta1_ct     beta1_ct     beta1_ct     beta1_ct     beta1_ct     beta1_ct 
  0.81832665   0.45433904   0.87671225   1.16171125   1.00312978   1.01024561   0.69558182   0.17057216  -0.39219620   0.06751426 
    beta1_ct     beta1_ct     beta1_ct     beta1_ct     beta1_ct     beta1_ct   L_omega1_z L_epsilon1_z    logkappa1     beta2_ct 
  0.06953061   0.12493314   0.51269729   0.58855189   0.56114123   0.51803988   1.39491928   0.57344352  -4.44106890   7.43173912 
    beta2_ct     beta2_ct     beta2_ct     beta2_ct     beta2_ct     beta2_ct     beta2_ct     beta2_ct     beta2_ct     beta2_ct 
  7.27346585   7.48380826   7.48952531   7.45104947   7.29754763   6.89704646   7.10743815   7.11008524   7.01800288   7.46283474 
    beta2_ct     beta2_ct     beta2_ct   L_omega2_z L_epsilon2_z    logkappa2    logSigmaM 
  7.42128953   7.53920507   7.17071427   0.59903919  -0.41547656  -4.32509049   0.46262680 

$objective
[1] 38521.78

$convergence
[1] 0

$iterations
[1] 5

$evaluations
function gradient 
      10        6 

$message
[1] "relative convergence (4)"

$run_time
Time difference of 41.68317 secs

$number_of_coefficients
 Total  Fixed Random 
  7693     37   7656 

$AIC
[1] 77117.55

$diagnostics
          Param starting_value      Lower         MLE     Upper final_gradient
1    ln_H_input      0.0000000 -50.000000  0.81832665 50.000000   6.826380e-05
2    ln_H_input      0.0000000 -50.000000  0.45433904 50.000000   1.440407e-04
3      beta1_ct     -5.0292377 -50.000000  0.87671225 50.000000  -3.514535e-04
4      beta1_ct     -5.0292377 -50.000000  1.16171125 50.000000  -8.301376e-05
5      beta1_ct     -5.0292377 -50.000000  1.00312978 50.000000   5.666990e-05
6      beta1_ct     -5.0292377 -50.000000  1.01024561 50.000000   5.474315e-04
7      beta1_ct     -5.0292377 -50.000000  0.69558182 50.000000  -3.976735e-04
8      beta1_ct     -5.0292377 -50.000000  0.17057216 50.000000   3.094143e-05
9      beta1_ct     -5.0292377 -50.000000 -0.39219620 50.000000  -1.200563e-04
10     beta1_ct     -5.0292377 -50.000000  0.06751426 50.000000   3.725332e-05
11     beta1_ct     -5.0292377 -50.000000  0.06953061 50.000000  -3.623234e-04
12     beta1_ct     -5.0292377 -50.000000  0.12493314 50.000000   1.969820e-04
13     beta1_ct     -5.0292377 -50.000000  0.51269729 50.000000   3.196190e-04
14     beta1_ct     -5.0292377 -50.000000  0.58855189 50.000000   2.210968e-04
15     beta1_ct     -5.0292377 -50.000000  0.56114123 50.000000   7.866453e-05
16     beta1_ct     -5.0292377 -50.000000  0.51803988 50.000000   1.478515e-05
17   L_omega1_z      0.9158917 -50.000000  1.39491928 50.000000  -1.730171e-05
18 L_epsilon1_z      0.4558451 -50.000000  0.57344352 50.000000   4.990077e-04
19    logkappa1     -0.1053605  -6.735082 -4.44106890 -2.472959   2.348795e-06
20     beta2_ct      7.7076460 -50.000000  7.43173912 50.000000   8.353482e-05
21     beta2_ct      7.7076460 -50.000000  7.27346585 50.000000   5.530950e-05
22     beta2_ct      7.7076460 -50.000000  7.48380826 50.000000   6.447360e-05
23     beta2_ct      7.7076460 -50.000000  7.48952531 50.000000   6.094748e-05
24     beta2_ct      7.7076460 -50.000000  7.45104947 50.000000   7.359667e-05
25     beta2_ct      7.7076460 -50.000000  7.29754763 50.000000   4.378488e-05
26     beta2_ct      7.7076460 -50.000000  6.89704646 50.000000   1.016652e-04
27     beta2_ct      7.7076460 -50.000000  7.10743815 50.000000   6.277021e-05
28     beta2_ct      7.7076460 -50.000000  7.11008524 50.000000   7.173983e-05
29     beta2_ct      7.7076460 -50.000000  7.01800288 50.000000   4.868413e-05
30     beta2_ct      7.7076460 -50.000000  7.46283474 50.000000   5.904215e-05
31     beta2_ct      7.7076460 -50.000000  7.42128953 50.000000   6.799066e-05
32     beta2_ct      7.7076460 -50.000000  7.53920507 50.000000   5.196092e-05
33     beta2_ct      7.7076460 -50.000000  7.17071427 50.000000   5.205166e-05
34   L_omega2_z      0.6095950 -50.000000  0.59903919 50.000000   1.780684e-05
35 L_epsilon2_z      2.1239457 -50.000000 -0.41547656 50.000000  -5.446806e-04
36    logkappa2     -0.1053605  -6.735082 -4.32509049 -2.472959  -1.483488e-04
37    logSigmaM      1.6094379 -50.000000  0.46262680 10.000000  -6.585178e-03

$SD
sdreport(.) result
                Estimate  Std. Error
ln_H_input    0.81832665 0.200956452
ln_H_input    0.45433904 0.202248530
beta1_ct      0.87671225 0.365130646
beta1_ct      1.16171125 0.371337696
beta1_ct      1.00312978 0.370558903
beta1_ct      1.01024561 0.369615174
beta1_ct      0.69558182 0.367648541
beta1_ct      0.17057216 0.365856850
beta1_ct     -0.39219620 0.387455738
beta1_ct      0.06751426 0.366242594
beta1_ct      0.06953061 0.365922551
beta1_ct      0.12493314 0.367033235
beta1_ct      0.51269729 0.367752642
beta1_ct      0.58855189 0.370715119
beta1_ct      0.56114123 0.372943279
beta1_ct      0.51803988 0.366899060
L_omega1_z    1.39491928 0.160666137
L_epsilon1_z  0.57344352 0.058424145
logkappa1    -4.44106890 0.124973049
beta2_ct      7.43173912 0.174154157
beta2_ct      7.27346585 0.178823337
beta2_ct      7.48380826 0.179561489
beta2_ct      7.48952531 0.177400903
beta2_ct      7.45104947 0.178436357
beta2_ct      7.29754763 0.182020995
beta2_ct      6.89704646 0.207003375
beta2_ct      7.10743815 0.181781727
beta2_ct      7.11008524 0.181839904
beta2_ct      7.01800288 0.182754796
beta2_ct      7.46283474 0.180997196
beta2_ct      7.42128953 0.183708325
beta2_ct      7.53920507 0.187513175
beta2_ct      7.17071427 0.179372137
L_omega2_z    0.59903919 0.077092649
L_epsilon2_z -0.41547656 0.051066650
logkappa2    -4.32509049 0.160773606
logSigmaM     0.46262680 0.009058228
Maximum gradient component: 0.006585178 

