# Number of parameters = 1  Objective function value = 39.1800  Maximum gradient component = 5.98529e-006
# logSdLam:
 -1.51126
# biom:
 8.82490 8.96831 8.12917
 8.99983 8.95934 8.04965
 9.17476 8.95036 7.97012
 9.34969 8.94138 7.89060
 9.23293 8.95609 7.70672
 9.11618 8.97079 7.52285
 8.99943 8.98549 7.33898
 9.00633 9.03442 7.42071
 9.01324 9.08335 7.50243
 9.02014 9.13228 7.58416
 9.08407 9.14160 7.61981
 9.14799 9.15093 7.65547
 9.21192 9.16025 7.69113
 9.27178 9.27140 7.77643
 9.33163 9.38254 7.86173
 9.39149 9.49369 7.94704
 9.44098 9.53254 8.12139
 9.49048 9.57138 8.29574
 9.54998 9.61023 8.43614
 9.60949 9.64908 8.57653
 9.59915 9.73773 8.50255
 9.58881 9.82638 8.42858
 9.50657 9.87929 8.28446
 9.42433 9.93221 8.14034
 9.52479 9.94796 8.12816
 9.62525 9.96372 8.11597
 9.64908 10.1211 8.00124
 9.67291 10.2784 7.88651
 9.55442 10.4283 7.78310
 9.43592 10.5781 7.67969
 9.46859 10.6127 7.56018
 9.50127 10.6474 7.44067
 9.50127 10.6474 7.44067
