$par
  ln_H_input   ln_H_input     beta1_ct     beta1_ct     beta1_ct     beta1_ct     beta1_ct     beta1_ct     beta1_ct     beta1_ct 
   0.2798426   -0.1593646    1.9140223    1.9879972    2.4349101    2.7043230    2.6431620    2.2100146    2.1277869    2.4885046 
    beta1_ct     beta1_ct     beta1_ct     beta1_ct     beta1_ct     beta1_ct   L_omega1_z L_epsilon1_z    logkappa1     beta2_ct 
   2.5275211    2.2089623    2.5665221    2.6946746    2.3804210    2.3502783   -1.6401234    0.6719988   -3.7696677    8.1384845 
    beta2_ct     beta2_ct     beta2_ct     beta2_ct     beta2_ct     beta2_ct     beta2_ct     beta2_ct     beta2_ct     beta2_ct 
   8.0363569    8.3293256    8.6957124    8.4088171    8.3914806    8.2659196    8.6884700    8.5932607    8.4128289    8.3768758 
    beta2_ct     beta2_ct     beta2_ct   L_omega2_z L_epsilon2_z    logkappa2    logSigmaM 
   8.4121921    8.1441205    8.3660010    1.0739645   -0.4457247   -3.9640502    0.5049589 

$objective
[1] 58363.43

$convergence
[1] 0

$iterations
[1] 4

$evaluations
function gradient 
      11        4 

$message
[1] "relative convergence (4)"

$run_time
Time difference of 1.05545 mins

$number_of_coefficients
 Total  Fixed Random 
  7693     37   7656 

$AIC
[1] 116800.9

$diagnostics
          Param starting_value      Lower        MLE     Upper final_gradient
1    ln_H_input      0.0000000 -50.000000  0.2798426 50.000000  -1.337457e-04
2    ln_H_input      0.0000000 -50.000000 -0.1593646 50.000000   3.820570e-04
3      beta1_ct     -4.7148631 -50.000000  1.9140223 50.000000   2.227438e-04
4      beta1_ct     -4.7148631 -50.000000  1.9879972 50.000000  -6.287915e-04
5      beta1_ct     -4.7148631 -50.000000  2.4349101 50.000000   4.887786e-04
6      beta1_ct     -4.7148631 -50.000000  2.7043230 50.000000   7.471473e-04
7      beta1_ct     -4.7148631 -50.000000  2.6431620 50.000000  -4.063205e-04
8      beta1_ct     -4.7148631 -50.000000  2.2100146 50.000000  -1.269921e-04
9      beta1_ct     -4.7148631 -50.000000  2.1277869 50.000000   1.028638e-04
10     beta1_ct     -4.7148631 -50.000000  2.4885046 50.000000   3.854562e-04
11     beta1_ct     -4.7148631 -50.000000  2.5275211 50.000000   5.962176e-04
12     beta1_ct     -4.7148631 -50.000000  2.2089623 50.000000   3.533623e-04
13     beta1_ct     -4.7148631 -50.000000  2.5665221 50.000000  -3.815827e-04
14     beta1_ct     -4.7148631 -50.000000  2.6946746 50.000000   4.529385e-04
15     beta1_ct     -4.7148631 -50.000000  2.3804210 50.000000  -4.506303e-04
16     beta1_ct     -4.7148631 -50.000000  2.3502783 50.000000  -1.369038e-05
17   L_omega1_z     -0.5349299 -50.000000 -1.6401234 50.000000  -1.287449e-04
18 L_epsilon1_z      0.9551191 -50.000000  0.6719988 50.000000   1.956978e-06
19    logkappa1     -0.1053605  -6.735082 -3.7696677 -2.472959   8.571347e-05
20     beta2_ct      8.7530124 -50.000000  8.1384845 50.000000  -8.942083e-05
21     beta2_ct      8.7530124 -50.000000  8.0363569 50.000000  -1.303723e-05
22     beta2_ct      8.7530124 -50.000000  8.3293256 50.000000   1.973172e-04
23     beta2_ct      8.7530124 -50.000000  8.6957124 50.000000  -1.644756e-04
24     beta2_ct      8.7530124 -50.000000  8.4088171 50.000000  -1.439464e-04
25     beta2_ct      8.7530124 -50.000000  8.3914806 50.000000  -1.542468e-04
26     beta2_ct      8.7530124 -50.000000  8.2659196 50.000000  -3.822900e-04
27     beta2_ct      8.7530124 -50.000000  8.6884700 50.000000  -1.329268e-04
28     beta2_ct      8.7530124 -50.000000  8.5932607 50.000000  -1.197215e-04
29     beta2_ct      8.7530124 -50.000000  8.4128289 50.000000  -1.655981e-04
30     beta2_ct      8.7530124 -50.000000  8.3768758 50.000000  -1.830721e-04
31     beta2_ct      8.7530124 -50.000000  8.4121921 50.000000  -1.122082e-04
32     beta2_ct      8.7530124 -50.000000  8.1441205 50.000000   3.239324e-06
33     beta2_ct      8.7530124 -50.000000  8.3660010 50.000000  -2.277609e-04
34   L_omega2_z      0.1905123 -50.000000  1.0739645 50.000000  -8.470120e-04
35 L_epsilon2_z     -1.2826828 -50.000000 -0.4457247 50.000000  -8.229170e-03
36    logkappa2     -0.1053605  -6.735082 -3.9640502 -2.472959  -7.577632e-04
37    logSigmaM      1.6094379 -50.000000  0.5049589 10.000000  -2.465748e-03

$SD
sdreport(.) result
               Estimate  Std. Error
ln_H_input    0.2798426 0.169538896
ln_H_input   -0.1593646 0.161306154
beta1_ct      1.9140223 0.256274392
beta1_ct      1.9879972 0.260917623
beta1_ct      2.4349101 0.277498239
beta1_ct      2.7043230 0.279817220
beta1_ct      2.6431620 0.274164553
beta1_ct      2.2100146 0.264010133
beta1_ct      2.1277869 0.288419090
beta1_ct      2.4885046 0.269415875
beta1_ct      2.5275211 0.267657651
beta1_ct      2.2089623 0.262570914
beta1_ct      2.5665221 0.270174521
beta1_ct      2.6946746 0.283837080
beta1_ct      2.3804210 0.281324123
beta1_ct      2.3502783 0.267384812
L_omega1_z   -1.6401234 0.182752117
L_epsilon1_z  0.6719988 0.088900676
logkappa1    -3.7696677 0.189266181
beta2_ct      8.1384845 0.189266111
beta2_ct      8.0363569 0.192206308
beta2_ct      8.3293256 0.194168366
beta2_ct      8.6957124 0.191346096
beta2_ct      8.4088171 0.190265755
beta2_ct      8.3914806 0.191575006
beta2_ct      8.2659196 0.207650233
beta2_ct      8.6884700 0.190817280
beta2_ct      8.5932607 0.190389983
beta2_ct      8.4128289 0.191165656
beta2_ct      8.3768758 0.190489574
beta2_ct      8.4121921 0.193919086
beta2_ct      8.1441205 0.196539796
beta2_ct      8.3660010 0.191787648
L_omega2_z    1.0739645 0.100915351
L_epsilon2_z -0.4457247 0.040563681
logkappa2    -3.9640502 0.134153573
logSigmaM     0.5049589 0.007637075
Maximum gradient component: 0.00822917 

