$par
  ln_H_input   ln_H_input     beta1_ct     beta1_ct 
 -0.08274809   0.36974712   0.50112289   0.82470053 
    beta1_ct     beta1_ct     beta1_ct     beta1_ct 
  1.36569059   1.74640357   1.79761487   1.26520186 
    beta1_ct     beta1_ct     beta1_ct     beta1_ct 
  0.68779625   0.72787882   0.71893014   0.97281174 
    beta1_ct     beta1_ct     beta1_ct     beta1_ct 
  1.03452095   1.25984971   1.59467692   1.54519794 
  L_omega1_z L_epsilon1_z    logkappa1     beta2_ct 
 -1.28665763  -0.71073969  -4.02907452   7.71264368 
    beta2_ct     beta2_ct     beta2_ct     beta2_ct 
  7.78032440   8.11517600   7.85241514   7.93783777 
    beta2_ct     beta2_ct     beta2_ct     beta2_ct 
  7.55752913   7.01678608   7.77534663   7.78136846 
    beta2_ct     beta2_ct     beta2_ct     beta2_ct 
  7.38961919   8.09646296   8.22151945   8.13695041 
    beta2_ct   L_omega2_z L_epsilon2_z    logkappa2 
  7.94100581   1.24325922  -1.01803796  -4.11858779 
   logSigmaM 
  0.83868334 

$objective
[1] 37182.06

$convergence
[1] 0

$iterations
[1] 3

$evaluations
function gradient 
       9        4 

$message
[1] "relative convergence (4)"

$run_time
Time difference of 42.18922 secs

$number_of_coefficients
 Total  Fixed Random 
  7693     37   7656 

$AIC
[1] 74438.12

$diagnostics
          Param starting_value      Lower         MLE
1    ln_H_input      0.0000000 -50.000000 -0.08274809
2    ln_H_input      0.0000000 -50.000000  0.36974712
3      beta1_ct     -4.9528381 -50.000000  0.50112289
4      beta1_ct     -4.9528381 -50.000000  0.82470053
5      beta1_ct     -4.9528381 -50.000000  1.36569059
6      beta1_ct     -4.9528381 -50.000000  1.74640357
7      beta1_ct     -4.9528381 -50.000000  1.79761487
8      beta1_ct     -4.9528381 -50.000000  1.26520186
9      beta1_ct     -4.9528381 -50.000000  0.68779625
10     beta1_ct     -4.9528381 -50.000000  0.72787882
11     beta1_ct     -4.9528381 -50.000000  0.71893014
12     beta1_ct     -4.9528381 -50.000000  0.97281174
13     beta1_ct     -4.9528381 -50.000000  1.03452095
14     beta1_ct     -4.9528381 -50.000000  1.25984971
15     beta1_ct     -4.9528381 -50.000000  1.59467692
16     beta1_ct     -4.9528381 -50.000000  1.54519794
17   L_omega1_z     -1.0713647 -50.000000 -1.28665763
18 L_epsilon1_z     -1.3021212 -50.000000 -0.71073969
19    logkappa1     -0.1053605  -6.742853 -4.02907452
20     beta2_ct      8.1769795 -50.000000  7.71264368
21     beta2_ct      8.1769795 -50.000000  7.78032440
22     beta2_ct      8.1769795 -50.000000  8.11517600
23     beta2_ct      8.1769795 -50.000000  7.85241514
24     beta2_ct      8.1769795 -50.000000  7.93783777
25     beta2_ct      8.1769795 -50.000000  7.55752913
26     beta2_ct      8.1769795 -50.000000  7.01678608
27     beta2_ct      8.1769795 -50.000000  7.77534663
28     beta2_ct      8.1769795 -50.000000  7.78136846
29     beta2_ct      8.1769795 -50.000000  7.38961919
30     beta2_ct      8.1769795 -50.000000  8.09646296
31     beta2_ct      8.1769795 -50.000000  8.22151945
32     beta2_ct      8.1769795 -50.000000  8.13695041
33     beta2_ct      8.1769795 -50.000000  7.94100581
34   L_omega2_z      0.5137359 -50.000000  1.24325922
35 L_epsilon2_z     -0.8745107 -50.000000 -1.01803796
36    logkappa2     -0.1053605  -6.742853 -4.11858779
37    logSigmaM      1.6094379 -50.000000  0.83868334
       Upper final_gradient
1  50.000000  -4.696609e-05
2  50.000000   1.085442e-04
3  50.000000  -1.157477e-04
4  50.000000  -1.583237e-04
5  50.000000  -1.648643e-04
6  50.000000  -1.396088e-04
7  50.000000  -2.972201e-04
8  50.000000  -3.113083e-04
9  50.000000  -4.825493e-05
10 50.000000  -8.424370e-05
11 50.000000  -4.214837e-04
12 50.000000  -1.016507e-04
13 50.000000  -2.497303e-04
14 50.000000  -1.204245e-04
15 50.000000  -2.263059e-04
16 50.000000  -3.325865e-04
17 50.000000   1.938288e-04
18 50.000000   5.186379e-04
19 -2.595609  -4.350450e-05
20 50.000000  -2.870505e-04
21 50.000000  -7.490993e-04
22 50.000000   7.429266e-06
23 50.000000   5.733307e-04
24 50.000000   2.123525e-04
25 50.000000   3.453583e-04
26 50.000000   2.963200e-05
27 50.000000   2.006077e-04
28 50.000000  -3.864243e-05
29 50.000000  -1.215620e-04
30 50.000000   5.378842e-05
31 50.000000   5.651565e-04
32 50.000000  -4.926302e-04
33 50.000000  -2.750791e-04
34 50.000000  -1.760383e-04
35 50.000000  -1.036646e-04
36 -2.595609  -3.121686e-04
37 10.000000  -1.317328e-02

$SD
sdreport(.) result
                Estimate  Std. Error
ln_H_input   -0.08274809 0.123282830
ln_H_input    0.36974712 0.140260547
beta1_ct      0.50112289 0.251612670
beta1_ct      0.82470053 0.255557070
beta1_ct      1.36569059 0.260429182
beta1_ct      1.74640357 0.263757459
beta1_ct      1.79761487 0.261143455
beta1_ct      1.26520186 0.257409753
beta1_ct      0.68779625 0.278854384
beta1_ct      0.72787882 0.253526667
beta1_ct      0.71893014 0.252243686
beta1_ct      0.97281174 0.254691620
beta1_ct      1.03452095 0.254332302
beta1_ct      1.25984971 0.261538001
beta1_ct      1.59467692 0.269360206
beta1_ct      1.54519794 0.260103819
L_omega1_z   -1.28665763 0.136681432
L_epsilon1_z -0.71073969 0.058896992
logkappa1    -4.02907452 0.129013573
beta2_ct      7.71264368 0.311337147
beta2_ct      7.78032440 0.313056896
beta2_ct      8.11517600 0.309383798
beta2_ct      7.85241514 0.304932662
beta2_ct      7.93783777 0.302922675
beta2_ct      7.55752913 0.307195586
beta2_ct      7.01678608 0.355704230
beta2_ct      7.77534663 0.310310277
beta2_ct      7.78136846 0.307346263
beta2_ct      7.38961919 0.307984525
beta2_ct      8.09646296 0.306261410
beta2_ct      8.22151945 0.312220809
beta2_ct      8.13695041 0.314096015
beta2_ct      7.94100581 0.306276407
L_omega2_z    1.24325922 0.136369863
L_epsilon2_z -1.01803796 0.062654204
logkappa2    -4.11858779 0.103783806
logSigmaM     0.83868334 0.008767372
Maximum gradient component: 0.01317328 

