$par
  ln_H_input   ln_H_input     beta1_ct     beta1_ct     beta1_ct     beta1_ct     beta1_ct     beta1_ct     beta1_ct     beta1_ct 
 0.360461243  0.552590438  0.368081124  1.490549233  1.882592291  0.561520519  0.952045608  0.341722391  0.429115790 -0.004084766 
    beta1_ct     beta1_ct     beta1_ct     beta1_ct     beta1_ct     beta1_ct   L_omega1_z L_epsilon1_z    logkappa1     beta2_ct 
-0.059582742  0.299213264  0.220503105  0.298183397  0.355082251  0.746588342  2.890987752  0.646515724 -3.731551772  8.068722570 
    beta2_ct     beta2_ct     beta2_ct     beta2_ct     beta2_ct     beta2_ct     beta2_ct     beta2_ct     beta2_ct     beta2_ct 
 8.110827141  8.187778263  8.189638444  7.941344658  7.630095494  7.973246889  7.691575721  7.744623585  7.704495197  7.340099377 
    beta2_ct     beta2_ct     beta2_ct   L_omega2_z L_epsilon2_z    logkappa2    logSigmaM 
 7.534407001  7.763966939  7.562935256 -1.080223919 -0.595584292 -2.991355948  0.382857486 

$objective
[1] 20922.68

$convergence
[1] 0

$iterations
[1] 4

$evaluations
function gradient 
      10        5 

$message
[1] "relative convergence (4)"

$run_time
Time difference of 36.58566 secs

$number_of_coefficients
 Total  Fixed Random 
  8853     37   8816 

$AIC
[1] 41919.36

$diagnostics
          Param starting_value      Lower          MLE      Upper final_gradient
1    ln_H_input      0.0000000 -50.000000  0.360461243 50.0000000   2.014549e-04
2    ln_H_input      0.0000000 -50.000000  0.552590438 50.0000000  -2.905064e-04
3      beta1_ct     -4.9841095 -50.000000  0.368081124 50.0000000   4.947992e-05
4      beta1_ct     -4.9841095 -50.000000  1.490549233 50.0000000   3.075934e-05
5      beta1_ct     -4.9841095 -50.000000  1.882592291 50.0000000   3.442919e-05
6      beta1_ct     -4.9841095 -50.000000  0.561520519 50.0000000   1.480249e-05
7      beta1_ct     -4.9841095 -50.000000  0.952045608 50.0000000   6.273839e-06
8      beta1_ct     -4.9841095 -50.000000  0.341722391 50.0000000   1.456304e-05
9      beta1_ct     -4.9841095 -50.000000  0.429115790 50.0000000   1.702806e-06
10     beta1_ct     -4.9841095 -50.000000 -0.004084766 50.0000000   9.499349e-06
11     beta1_ct     -4.9841095 -50.000000 -0.059582742 50.0000000   5.527270e-06
12     beta1_ct     -4.9841095 -50.000000  0.299213264 50.0000000   6.789550e-06
13     beta1_ct     -4.9841095 -50.000000  0.220503105 50.0000000   1.632372e-05
14     beta1_ct     -4.9841095 -50.000000  0.298183397 50.0000000   2.590819e-05
15     beta1_ct     -4.9841095 -50.000000  0.355082251 50.0000000   1.172827e-05
16     beta1_ct     -4.9841095 -50.000000  0.746588342 50.0000000   1.686561e-05
17   L_omega1_z      0.5977888 -50.000000  2.890987752 50.0000000  -7.559905e-05
18 L_epsilon1_z      1.1950327 -50.000000  0.646515724 50.0000000   4.856048e-05
19    logkappa1     -0.1053605  -6.311146 -3.731551772 -0.8913326   1.931993e-05
20     beta2_ct      8.1449734 -50.000000  8.068722570 50.0000000  -1.372906e-04
21     beta2_ct      8.1449734 -50.000000  8.110827141 50.0000000  -1.303076e-04
22     beta2_ct      8.1449734 -50.000000  8.187778263 50.0000000  -5.905189e-05
23     beta2_ct      8.1449734 -50.000000  8.189638444 50.0000000  -1.639149e-04
24     beta2_ct      8.1449734 -50.000000  7.941344658 50.0000000  -7.618364e-05
25     beta2_ct      8.1449734 -50.000000  7.630095494 50.0000000  -4.465860e-05
26     beta2_ct      8.1449734 -50.000000  7.973246889 50.0000000  -1.018495e-04
27     beta2_ct      8.1449734 -50.000000  7.691575721 50.0000000  -1.256198e-04
28     beta2_ct      8.1449734 -50.000000  7.744623585 50.0000000  -3.799287e-05
29     beta2_ct      8.1449734 -50.000000  7.704495197 50.0000000  -9.121983e-05
30     beta2_ct      8.1449734 -50.000000  7.340099377 50.0000000  -9.874519e-05
31     beta2_ct      8.1449734 -50.000000  7.534407001 50.0000000  -1.329476e-04
32     beta2_ct      8.1449734 -50.000000  7.763966939 50.0000000  -1.712854e-04
33     beta2_ct      8.1449734 -50.000000  7.562935256 50.0000000  -1.524443e-04
34   L_omega2_z     -1.0754624 -50.000000 -1.080223919 50.0000000  -1.168801e-04
35 L_epsilon2_z     -1.2911725 -50.000000 -0.595584292 50.0000000  -1.989285e-03
36    logkappa2     -0.1053605  -6.311146 -2.991355948 -0.8913326  -1.350040e-04
37    logSigmaM      1.6094379 -50.000000  0.382857486 10.0000000   3.719871e-03

$SD
sdreport(.) result
                 Estimate Std. Error
ln_H_input    0.360461243 0.18441625
ln_H_input    0.552590438 0.23858790
beta1_ct      0.368081124 0.61159216
beta1_ct      1.490549233 0.58672147
beta1_ct      1.882592291 0.58394303
beta1_ct      0.561520519 0.57476070
beta1_ct      0.952045608 0.57478133
beta1_ct      0.341722391 0.57080094
beta1_ct      0.429115790 0.57045019
beta1_ct     -0.004084766 0.57021030
beta1_ct     -0.059582742 0.56977301
beta1_ct      0.299213264 0.57311412
beta1_ct      0.220503105 0.57065859
beta1_ct      0.298183397 0.56976148
beta1_ct      0.355082251 0.57132200
beta1_ct      0.746588342 0.57372835
L_omega1_z    2.890987752 0.39450705
L_epsilon1_z  0.646515724 0.08888967
logkappa1    -3.731551772 0.18694451
beta2_ct      8.068722570 0.22459250
beta2_ct      8.110827141 0.17139227
beta2_ct      8.187778263 0.16299996
beta2_ct      8.189638444 0.17298483
beta2_ct      7.941344658 0.16546810
beta2_ct      7.630095494 0.17111686
beta2_ct      7.973246889 0.16728012
beta2_ct      7.691575721 0.17217587
beta2_ct      7.744623585 0.17358927
beta2_ct      7.704495197 0.17385413
beta2_ct      7.340099377 0.17014654
beta2_ct      7.534407001 0.16864685
beta2_ct      7.763966939 0.16972408
beta2_ct      7.562935256 0.16597524
L_omega2_z   -1.080223919 0.11282180
L_epsilon2_z -0.595584292 0.06685544
logkappa2    -2.991355948 0.16315152
logSigmaM     0.382857486 0.01312768
Maximum gradient component: 0.003719871 

