$par
  ln_H_input   ln_H_input     beta1_ct     beta1_ct     beta1_ct     beta1_ct     beta1_ct     beta1_ct     beta1_ct     beta1_ct 
   0.3353082   -0.8913957    3.9783416    4.0882922    4.2058704    4.9415977    5.2596498    3.9099391    4.9233031    4.0426207 
    beta1_ct     beta1_ct     beta1_ct     beta1_ct     beta1_ct     beta1_ct     beta1_ct     beta1_ct     beta1_ct     beta1_ct 
   4.1622168    5.6771100    4.3519876    5.1166920    5.5874408    4.7877476    4.9739635    4.6433011    4.9272399    6.0879804 
    beta1_ct     beta1_ct     beta1_ct     beta1_ct     beta1_ct     beta1_ct     beta1_ct     beta1_ct     beta1_ct     beta1_ct 
   5.0056695    5.5571894    4.6164432    4.4261536    5.4053141    4.6341024    4.4407573    4.0691468    2.7745378    3.2924233 
    beta1_ct     beta1_ct     beta1_ct     beta1_ct     beta1_ct     beta1_ct     beta1_ct   L_omega1_z L_epsilon1_z    logkappa1 
   2.7967905    4.5595100    4.5487061    5.0558510    6.1015606    7.2673210    6.0822379    1.9192423   -0.8929228   -4.3224645 
    beta2_ct     beta2_ct     beta2_ct     beta2_ct     beta2_ct     beta2_ct     beta2_ct     beta2_ct     beta2_ct     beta2_ct 
   7.5642981    8.7611914    7.9307010    8.4012682    8.2656912    8.6286274    8.3930837    8.5468669    8.4024593    8.4695719 
    beta2_ct     beta2_ct     beta2_ct     beta2_ct     beta2_ct     beta2_ct     beta2_ct     beta2_ct     beta2_ct     beta2_ct 
   8.3439279    8.5791534    8.3707863    7.7236227    8.0401714    7.8797038    8.0464321    7.8194712    8.2644575    8.5097896 
    beta2_ct     beta2_ct     beta2_ct     beta2_ct     beta2_ct     beta2_ct     beta2_ct     beta2_ct     beta2_ct     beta2_ct 
   8.0212324    8.6146866    8.1960860    8.0882415    7.2116629    6.7569308    6.5088010    5.9881254    6.8327660    7.3728299 
    beta2_ct     beta2_ct     beta2_ct     beta2_ct     beta2_ct   L_omega2_z L_epsilon2_z    logkappa2    logSigmaM 
   7.0782307    7.6014520    8.7031964    9.4159490    9.2164984   -1.4279415   -1.1977502   -4.6626497    0.4836791 

$objective
[1] 81762.13

$convergence
[1] 1

$iterations
[1] 2

$evaluations
function gradient 
      14        2 

$message
[1] "false convergence (8)"

$run_time
Time difference of 53.46149 secs

$number_of_coefficients
 Total  Fixed Random 
  8431     79   8352 

$AIC
[1] 163682.3

$diagnostics
          Param starting_value      Lower        MLE    Upper final_gradient
1    ln_H_input      0.0000000 -50.000000  0.3353082 50.00000  -8.571282e-04
2    ln_H_input      0.0000000 -50.000000 -0.8913957 50.00000  -1.686822e-03
3      beta1_ct     -4.6392243 -50.000000  3.9783416 50.00000   3.726202e-04
4      beta1_ct     -4.6392243 -50.000000  4.0882922 50.00000  -1.242114e-04
5      beta1_ct     -4.6392243 -50.000000  4.2058704 50.00000  -6.529056e-04
6      beta1_ct     -4.6392243 -50.000000  4.9415977 50.00000  -6.412395e-04
7      beta1_ct     -4.6392243 -50.000000  5.2596498 50.00000  -4.293331e-04
8      beta1_ct     -4.6392243 -50.000000  3.9099391 50.00000  -2.698815e-03
9      beta1_ct     -4.6392243 -50.000000  4.9233031 50.00000  -6.435273e-04
10     beta1_ct     -4.6392243 -50.000000  4.0426207 50.00000   1.682269e-03
11     beta1_ct     -4.6392243 -50.000000  4.1622168 50.00000   1.062603e-03
12     beta1_ct     -4.6392243 -50.000000  5.6771100 50.00000   3.336949e-05
13     beta1_ct     -4.6392243 -50.000000  4.3519876 50.00000  -1.818380e-04
14     beta1_ct     -4.6392243 -50.000000  5.1166920 50.00000   6.134603e-04
15     beta1_ct     -4.6392243 -50.000000  5.5874408 50.00000   1.133385e-04
16     beta1_ct     -4.6392243 -50.000000  4.7877476 50.00000   1.728395e-03
17     beta1_ct     -4.6392243 -50.000000  4.9739635 50.00000  -5.320284e-04
18     beta1_ct     -4.6392243 -50.000000  4.6433011 50.00000  -3.509262e-06
19     beta1_ct     -4.6392243 -50.000000  4.9272399 50.00000   1.852080e-04
20     beta1_ct     -4.6392243 -50.000000  6.0879804 50.00000  -4.390351e-04
21     beta1_ct     -4.6392243 -50.000000  5.0056695 50.00000  -5.633336e-06
22     beta1_ct     -4.6392243 -50.000000  5.5571894 50.00000   4.997012e-04
23     beta1_ct     -4.6392243 -50.000000  4.6164432 50.00000  -1.587558e-04
24     beta1_ct     -4.6392243 -50.000000  4.4261536 50.00000  -1.084592e-03
25     beta1_ct     -4.6392243 -50.000000  5.4053141 50.00000  -7.831275e-05
26     beta1_ct     -4.6392243 -50.000000  4.6341024 50.00000  -1.304665e-03
27     beta1_ct     -4.6392243 -50.000000  4.4407573 50.00000  -2.442638e-05
28     beta1_ct     -4.6392243 -50.000000  4.0691468 50.00000   1.047429e-03
29     beta1_ct     -4.6392243 -50.000000  2.7745378 50.00000   4.503258e-04
30     beta1_ct     -4.6392243 -50.000000  3.2924233 50.00000   1.443544e-03
31     beta1_ct     -4.6392243 -50.000000  2.7967905 50.00000  -2.441207e-04
32     beta1_ct     -4.6392243 -50.000000  4.5595100 50.00000  -8.175367e-04
33     beta1_ct     -4.6392243 -50.000000  4.5487061 50.00000   6.566857e-04
34     beta1_ct     -4.6392243 -50.000000  5.0558510 50.00000   2.068282e-04
35     beta1_ct     -4.6392243 -50.000000  6.1015606 50.00000  -5.526359e-04
36     beta1_ct     -4.6392243 -50.000000  7.2673210 50.00000  -2.787424e-05
37     beta1_ct     -4.6392243 -50.000000  6.0822379 50.00000  -7.089442e-04
38   L_omega1_z      0.3072532 -50.000000  1.9192423 50.00000   1.167325e-03
39 L_epsilon1_z     -0.1667629 -50.000000 -0.8929228 50.00000   2.894984e-05
40    logkappa1     -0.1053605  -5.993888 -4.3224645 -2.50234   1.846781e-03
41     beta2_ct      9.2295993 -50.000000  7.5642981 50.00000  -1.596703e-04
42     beta2_ct      9.2295993 -50.000000  8.7611914 50.00000   2.034250e-04
43     beta2_ct      9.2295993 -50.000000  7.9307010 50.00000   7.306383e-05
44     beta2_ct      9.2295993 -50.000000  8.4012682 50.00000   2.729435e-04
45     beta2_ct      9.2295993 -50.000000  8.2656912 50.00000   1.560369e-04
46     beta2_ct      9.2295993 -50.000000  8.6286274 50.00000   2.501993e-04
47     beta2_ct      9.2295993 -50.000000  8.3930837 50.00000  -5.743230e-05
48     beta2_ct      9.2295993 -50.000000  8.5468669 50.00000  -2.045883e-05
49     beta2_ct      9.2295993 -50.000000  8.4024593 50.00000   1.235478e-04
50     beta2_ct      9.2295993 -50.000000  8.4695719 50.00000   4.452331e-05
51     beta2_ct      9.2295993 -50.000000  8.3439279 50.00000   1.528805e-04
52     beta2_ct      9.2295993 -50.000000  8.5791534 50.00000  -5.838098e-05
53     beta2_ct      9.2295993 -50.000000  8.3707863 50.00000  -1.957975e-05
54     beta2_ct      9.2295993 -50.000000  7.7236227 50.00000  -4.617497e-05
55     beta2_ct      9.2295993 -50.000000  8.0401714 50.00000   1.141762e-06
56     beta2_ct      9.2295993 -50.000000  7.8797038 50.00000  -1.188934e-05
57     beta2_ct      9.2295993 -50.000000  8.0464321 50.00000   1.114998e-04
58     beta2_ct      9.2295993 -50.000000  7.8194712 50.00000   2.977870e-05
59     beta2_ct      9.2295993 -50.000000  8.2644575 50.00000  -1.045168e-04
60     beta2_ct      9.2295993 -50.000000  8.5097896 50.00000   1.496810e-05
61     beta2_ct      9.2295993 -50.000000  8.0212324 50.00000  -8.847783e-05
62     beta2_ct      9.2295993 -50.000000  8.6146866 50.00000  -8.025826e-06
63     beta2_ct      9.2295993 -50.000000  8.1960860 50.00000  -1.105384e-05
64     beta2_ct      9.2295993 -50.000000  8.0882415 50.00000  -4.684130e-05
65     beta2_ct      9.2295993 -50.000000  7.2116629 50.00000  -1.313128e-04
66     beta2_ct      9.2295993 -50.000000  6.7569308 50.00000  -3.873767e-05
67     beta2_ct      9.2295993 -50.000000  6.5088010 50.00000  -1.696109e-04
68     beta2_ct      9.2295993 -50.000000  5.9881254 50.00000   4.773225e-06
69     beta2_ct      9.2295993 -50.000000  6.8327660 50.00000  -3.097070e-04
70     beta2_ct      9.2295993 -50.000000  7.3728299 50.00000  -9.228560e-05
71     beta2_ct      9.2295993 -50.000000  7.0782307 50.00000  -1.484235e-04
72     beta2_ct      9.2295993 -50.000000  7.6014520 50.00000   5.846780e-06
73     beta2_ct      9.2295993 -50.000000  8.7031964 50.00000  -4.201424e-05
74     beta2_ct      9.2295993 -50.000000  9.4159490 50.00000   5.394407e-05
75     beta2_ct      9.2295993 -50.000000  9.2164984 50.00000   1.539004e-04
76   L_omega2_z     -0.6835458 -50.000000 -1.4279415 50.00000   3.476949e-03
77 L_epsilon2_z     -0.8223541 -50.000000 -1.1977502 50.00000   4.168879e-03
78    logkappa2     -0.1053605  -5.993888 -4.6626497 -2.50234   2.634771e-03
79    logSigmaM      1.6094379 -50.000000  0.4836791 10.00000   6.430724e-03

$SD
sdreport(.) result
               Estimate  Std. Error
ln_H_input    0.3353082 0.072175170
ln_H_input   -0.8913957 0.100255847
beta1_ct      3.9783416 0.745651334
beta1_ct      4.0882922 0.745415220
beta1_ct      4.2058704 0.746439769
beta1_ct      4.9415977 0.796801125
beta1_ct      5.2596498 0.822856362
beta1_ct      3.9099391 0.732995532
beta1_ct      4.9233031 0.784644953
beta1_ct      4.0426207 0.734426224
beta1_ct      4.1622168 0.738263342
beta1_ct      5.6771100 0.844090489
beta1_ct      4.3519876 0.751931272
beta1_ct      5.1166920 0.799886497
beta1_ct      5.5874408 0.843324979
beta1_ct      4.7877476 0.770244737
beta1_ct      4.9739635 0.785833015
beta1_ct      4.6433011 0.760653680
beta1_ct      4.9272399 0.785519109
beta1_ct      6.0879804 0.922070280
beta1_ct      5.0056695 0.791852656
beta1_ct      5.5571894 0.841723325
beta1_ct      4.6164432 0.759661085
beta1_ct      4.4261536 0.751306123
beta1_ct      5.4053141 0.824990403
beta1_ct      4.6341024 0.763319582
beta1_ct      4.4407573 0.751653690
beta1_ct      4.0691468 0.732056428
beta1_ct      2.7745378 0.694040272
beta1_ct      3.2924233 0.706190669
beta1_ct      2.7967905 0.695694759
beta1_ct      4.5595100 0.757193308
beta1_ct      4.5487061 0.754308219
beta1_ct      5.0558510 0.792534424
beta1_ct      6.1015606 0.920100867
beta1_ct      7.2673210 1.240802545
beta1_ct      6.0822379 0.919277159
L_omega1_z    1.9192423 0.237720620
L_epsilon1_z -0.8929228 0.114782409
logkappa1    -4.3224645 0.150022763
beta2_ct      7.5642981 0.790934449
beta2_ct      8.7611914 0.789174144
beta2_ct      7.9307010 0.788712436
beta2_ct      8.4012682 0.787959277
beta2_ct      8.2656912 0.788822618
beta2_ct      8.6286274 0.789097715
beta2_ct      8.3930837 0.786097955
beta2_ct      8.5468669 0.786085129
beta2_ct      8.4024593 0.786969321
beta2_ct      8.4695719 0.784366387
beta2_ct      8.3439279 0.788676839
beta2_ct      8.5791534 0.785402984
beta2_ct      8.3707863 0.785223182
beta2_ct      7.7236227 0.785209018
beta2_ct      8.0401714 0.785169233
beta2_ct      7.8797038 0.785617999
beta2_ct      8.0464321 0.785367007
beta2_ct      7.8194712 0.785939889
beta2_ct      8.2644575 0.785833643
beta2_ct      8.5097896 0.785179872
beta2_ct      8.0212324 0.785499069
beta2_ct      8.6146866 0.786373458
beta2_ct      8.1960860 0.785372326
beta2_ct      8.0882415 0.786495823
beta2_ct      7.2116629 0.786330744
beta2_ct      6.7569308 0.786275923
beta2_ct      6.5088010 0.787035050
beta2_ct      5.9881254 0.786855893
beta2_ct      6.8327660 0.790285307
beta2_ct      7.3728299 0.786439041
beta2_ct      7.0782307 0.785847036
beta2_ct      7.6014520 0.786000512
beta2_ct      8.7031964 0.785247307
beta2_ct      9.4159490 0.786078250
beta2_ct      9.2164984 0.784868775
L_omega2_z   -1.4279415 0.124735967
L_epsilon2_z -1.1977502 0.038269218
logkappa2    -4.6626497 0.058095226
logSigmaM     0.4836791 0.007035162
Maximum gradient component: 0.006430724 

