$par
  ln_H_input   ln_H_input     beta1_ct     beta1_ct     beta1_ct     beta1_ct     beta1_ct     beta1_ct     beta1_ct     beta1_ct 
   0.2830503   -0.5248432   -1.1147126   -0.1097292   -0.4422658   -0.4921125   -0.9592057   -0.8268006   -0.9307405   -0.6803223 
    beta1_ct     beta1_ct     beta1_ct     beta1_ct     beta1_ct     beta1_ct   L_omega1_z L_epsilon1_z    logkappa1     beta2_ct 
  -0.1760812   -0.3340580   -0.2246605   -0.2811387   -0.1056011    0.1679465   -1.9682424   -0.6325705   -3.4891582    6.4779216 
    beta2_ct     beta2_ct     beta2_ct     beta2_ct     beta2_ct     beta2_ct     beta2_ct     beta2_ct     beta2_ct     beta2_ct 
   6.4260226    6.9554728    7.3648998    7.2283005    7.2751962    7.8088474    7.8739371    8.2922526    7.9808735    8.3276925 
    beta2_ct     beta2_ct     beta2_ct   L_omega2_z L_epsilon2_z    logkappa2    logSigmaM 
   8.0048724    8.8377102    8.4396899    2.5440910   -0.2356756   -3.5749779    0.7696941 

$objective
[1] 12537.82

$convergence
[1] 0

$iterations
[1] 4

$evaluations
function gradient 
      10        5 

$message
[1] "relative convergence (4)"

$run_time
Time difference of 29.19892 secs

$number_of_coefficients
 Total  Fixed Random 
  8853     37   8816 

$AIC
[1] 25149.64

$diagnostics
          Param starting_value      Lower        MLE      Upper final_gradient
1    ln_H_input     0.00000000 -50.000000  0.2830503 50.0000000  -1.041931e-04
2    ln_H_input     0.00000000 -50.000000 -0.5248432 50.0000000   1.708625e-04
3      beta1_ct    -5.48616825 -50.000000 -1.1147126 50.0000000   2.960631e-05
4      beta1_ct    -5.48616825 -50.000000 -0.1097292 50.0000000   4.105556e-05
5      beta1_ct    -5.48616825 -50.000000 -0.4422658 50.0000000   1.547998e-05
6      beta1_ct    -5.48616825 -50.000000 -0.4921125 50.0000000  -7.068541e-05
7      beta1_ct    -5.48616825 -50.000000 -0.9592057 50.0000000  -8.177802e-05
8      beta1_ct    -5.48616825 -50.000000 -0.8268006 50.0000000  -1.101951e-04
9      beta1_ct    -5.48616825 -50.000000 -0.9307405 50.0000000   5.311552e-05
10     beta1_ct    -5.48616825 -50.000000 -0.6803223 50.0000000   2.049479e-04
11     beta1_ct    -5.48616825 -50.000000 -0.1760812 50.0000000   1.786772e-04
12     beta1_ct    -5.48616825 -50.000000 -0.3340580 50.0000000   9.901024e-06
13     beta1_ct    -5.48616825 -50.000000 -0.2246605 50.0000000   9.853234e-05
14     beta1_ct    -5.48616825 -50.000000 -0.2811387 50.0000000  -5.489128e-05
15     beta1_ct    -5.48616825 -50.000000 -0.1056011 50.0000000  -3.390158e-05
16     beta1_ct    -5.48616825 -50.000000  0.1679465 50.0000000   4.127750e-05
17   L_omega1_z    -0.65947542 -50.000000 -1.9682424 50.0000000  -4.670992e-04
18 L_epsilon1_z    -0.68477988 -50.000000 -0.6325705 50.0000000   5.236040e-04
19    logkappa1    -0.10536052  -6.311146 -3.4891582 -0.8913326  -1.919829e-04
20     beta2_ct     9.31119405 -50.000000  6.4779216 50.0000000  -1.952981e-04
21     beta2_ct     9.31119405 -50.000000  6.4260226 50.0000000   1.888564e-04
22     beta2_ct     9.31119405 -50.000000  6.9554728 50.0000000  -3.903806e-05
23     beta2_ct     9.31119405 -50.000000  7.3648998 50.0000000   1.093222e-04
24     beta2_ct     9.31119405 -50.000000  7.2283005 50.0000000  -2.273460e-04
25     beta2_ct     9.31119405 -50.000000  7.2751962 50.0000000  -2.509667e-04
26     beta2_ct     9.31119405 -50.000000  7.8088474 50.0000000  -2.496308e-04
27     beta2_ct     9.31119405 -50.000000  7.8739371 50.0000000  -7.407861e-05
28     beta2_ct     9.31119405 -50.000000  8.2922526 50.0000000   1.012663e-04
29     beta2_ct     9.31119405 -50.000000  7.9808735 50.0000000   7.611185e-05
30     beta2_ct     9.31119405 -50.000000  8.3276925 50.0000000   5.660546e-05
31     beta2_ct     9.31119405 -50.000000  8.0048724 50.0000000   9.092608e-05
32     beta2_ct     9.31119405 -50.000000  8.8377102 50.0000000   2.057397e-05
33     beta2_ct     9.31119405 -50.000000  8.4396899 50.0000000   1.077668e-04
34   L_omega2_z     0.63308269 -50.000000  2.5440910 50.0000000  -1.172805e-04
35 L_epsilon2_z    -0.07278324 -50.000000 -0.2356756 50.0000000   9.517737e-05
36    logkappa2    -0.10536052  -6.311146 -3.5749779 -0.8913326  -1.462804e-04
37    logSigmaM     1.60943791 -50.000000  0.7696941 10.0000000  -2.641950e-03

$SD
sdreport(.) result
               Estimate Std. Error
ln_H_input    0.2830503 0.21374769
ln_H_input   -0.5248432 0.27216234
beta1_ct     -1.1147126 0.40253316
beta1_ct     -0.1097292 0.34352519
beta1_ct     -0.4422658 0.33745988
beta1_ct     -0.4921125 0.34030190
beta1_ct     -0.9592057 0.34092809
beta1_ct     -0.8268006 0.33809162
beta1_ct     -0.9307405 0.33836179
beta1_ct     -0.6803223 0.33716370
beta1_ct     -0.1760812 0.33589751
beta1_ct     -0.3340580 0.33957608
beta1_ct     -0.2246605 0.33514215
beta1_ct     -0.2811387 0.33466118
beta1_ct     -0.1056011 0.33590772
beta1_ct      0.1679465 0.33561812
L_omega1_z   -1.9682424 0.24268056
L_epsilon1_z -0.6325705 0.08749197
logkappa1    -3.4891582 0.18494202
beta2_ct      6.4779216 0.58474606
beta2_ct      6.4260226 0.46390895
beta2_ct      6.9554728 0.46091441
beta2_ct      7.3648998 0.47066280
beta2_ct      7.2283005 0.47496162
beta2_ct      7.2751962 0.46612219
beta2_ct      7.8088474 0.46846352
beta2_ct      7.8739371 0.46326181
beta2_ct      8.2922526 0.45652748
beta2_ct      7.9808735 0.46012039
beta2_ct      8.3276925 0.45544927
beta2_ct      8.0048724 0.45461232
beta2_ct      8.8377102 0.45377223
beta2_ct      8.4396899 0.44965777
L_omega2_z    2.5440910 0.29066156
L_epsilon2_z -0.2356756 0.23309398
logkappa2    -3.5749779 0.18303968
logSigmaM     0.7696941 0.01644630
Maximum gradient component: 0.00264195 

